marker_default_size <- 15
discrete_color_palette <- c('#4dbd5b','#e85a7d','#5884d6','#ede54e','#f5934e','#ab5ed1','#66d5ed','#e386de','#bbe64e','#74c2b9','#db9797','#c683ef','#9A6324','#ccc47e','#800000','#82f2a3','#808000','#ffcd9b','#000075','#a9a9a9',"#008159","#6B82A1","#FFDF15","#FF6897","#E3BD50","#78A22F")
discrete_color_palette <- rep(discrete_color_palette, 10)
